57,35
65,3
65,2
65,1
65,0
64,3
64,2
64,1
64,0
62,4
62,3
62,2
62,1
62,0
61,5
61,4
61,3
61,2
61,1
61,0
0,278
60,1
60,0
59,4
59,3
59,2
59,1
59,0
58,5
58,4
58,3
58,2
0,9
58,1
58,0
10,113
10,275
10,153
10,71
10,281
10,95
11,4
8,15
8,5
8,14
20,3
20,2
20,1
19,3
19,2
19,1
12,3
12,2
12,1
11,30
11,29
11,28
11,27
11,26
11,25
11,24
11,23
11,22
11,21
11,19
11,18
11,15
11,14
11,13
11,12
11,11
11,10
11,9
11,8
11,7
11,5
11,3
11,2
11,1
10,255
10,245
10,232
10,223
10,194
10,175
10,141
10,134
10,129
10,116
10,112
10,92
18,1
